3 1 5 6
3 2 5 16
3 3 5 26
3 4 5 36
3 5 5 46
3 6 5 56
3 7 6 6
3 8 6 16
3 9 6 26
3 10 6 36
3 11 6 46
3 12 6 56
3 13 7 6
3 14 7 16
3 15 7 26
3 16 7 36
3 17 7 46
3 18 7 56
3 19 8 6
3 20 8 16
3 21 8 26
3 22 8 36
3 23 8 46
3 24 8 56
3 25 9 6
3 26 9 16
3 27 9 26
3 28 9 36
3 29 9 46
3 30 9 56
3 31 10 6
3 32 10 16
3 33 10 26
3 34 10 36
3 35 10 46
3 36 10 56
3 37 11 6
3 38 11 16
3 39 11 26
3 40 11 36
3 41 11 46
3 42 11 56
3 43 12 6
3 44 12 16
3 45 12 26
3 46 12 36
3 47 12 46
3 48 12 56
3 49 13 6
3 50 13 16
3 51 13 26
3 52 13 36
3 53 13 46
3 54 13 56
3 55 14 6
3 56 14 16
3 57 14 26
3 58 14 36
3 59 14 46
3 60 14 56
3 61 15 6
3 62 15 16
3 63 15 26
3 64 15 36
3 65 15 46
3 66 15 56
3 67 16 6
3 68 16 16
3 69 16 26
3 70 16 36
3 71 16 46
3 72 16 56
3 73 17 6
3 74 17 16
3 75 17 26
3 76 17 36
3 77 17 46
3 78 17 56
3 79 18 6
3 80 18 16
3 81 18 26
3 82 18 36
3 83 18 46
3 84 18 56
3 85 19 6
3 86 19 16
3 87 19 26
3 88 19 36
3 89 19 46
3 90 19 56
3 91 20 6
3 92 20 16
3 93 20 26
3 94 20 36
3 95 20 46
3 96 20 56
3 97 21 6
3 98 21 16
3 99 21 26
3 100 21 36
3 101 21 46
3 102 21 56
3 103 22 6
3 104 22 16
3 105 22 26
3 106 22 36
3 107 22 46
3 108 22 56
3 109 23 6
3 110 23 16
3 111 23 26
3 112 23 36
3 113 23 46
3 114 23 56
29 1 5 7
29 2 5 22
29 3 5 37
29 4 5 52
29 5 6 7
29 6 6 22
29 7 6 37
29 8 6 52
29 9 7 7
29 10 7 22
29 11 7 37
29 12 7 52
29 13 8 7
29 14 8 22
29 15 8 37
29 16 8 52
29 17 9 7
29 18 9 22
29 19 9 37
29 20 9 52
29 21 10 7
29 22 10 22
29 23 10 37
29 24 10 52
29 25 11 7
29 26 11 22
29 27 11 37
29 28 11 52
29 29 12 7
29 30 12 22
29 31 12 37
29 32 12 52
29 33 13 7
29 34 13 22
29 35 13 37
29 36 13 52
29 37 14 7
29 38 14 22
29 39 14 37
29 40 14 52
29 41 15 7
29 42 15 22
29 43 15 37
29 44 15 52
29 45 16 7
29 46 16 22
29 47 16 37
29 48 16 52
29 49 17 7
29 50 17 22
29 51 17 37
29 52 17 52
29 53 18 7
29 54 18 22
29 55 18 37
29 56 18 52
29 57 19 7
29 58 19 22
29 59 19 37
29 60 19 52
29 61 20 7
29 62 20 22
29 63 20 37
29 64 20 52
29 65 21 7
29 66 21 22
29 67 21 37
29 68 21 52
29 69 22 7
29 70 22 22
29 71 22 37
29 72 22 52
29 73 23 7
29 74 23 22
29 75 23 37
29 76 23 52
848 1 5 7
848 2 5 17
848 3 5 27
848 4 5 37
848 5 5 47
848 6 5 57
848 7 6 7
848 8 6 17
848 9 6 27
848 10 6 37
848 11 6 47
848 12 6 57
848 13 7 7
848 14 7 17
848 15 7 27
848 16 7 37
848 17 7 47
848 18 7 57
848 19 8 7
848 20 8 17
848 21 8 27
848 22 8 37
848 23 8 47
848 24 8 57
848 25 9 7
848 26 9 17
848 27 9 27
848 28 9 37
848 29 9 47
848 30 9 57
848 31 10 7
848 32 10 17
848 33 10 27
848 34 10 37
848 35 10 47
848 36 10 57
848 37 11 7
848 38 11 17
848 39 11 27
848 40 11 37
848 41 11 47
848 42 11 57
848 43 12 7
848 44 12 17
848 45 12 27
848 46 12 37
848 47 12 47
848 48 12 57
848 49 13 7
848 50 13 17
848 51 13 27
848 52 13 37
848 53 13 47
848 54 13 57
848 55 14 7
848 56 14 17
848 57 14 27
848 58 14 37
848 59 14 47
848 60 14 57
848 61 15 7
848 62 15 17
848 63 15 27
848 64 15 37
848 65 15 47
848 66 15 57
848 67 16 7
848 68 16 17
848 69 16 27
848 70 16 37
848 71 16 47
848 72 16 57
848 73 17 7
848 74 17 17
848 75 17 27
848 76 17 37
848 77 17 47
848 78 17 57
848 79 18 7
848 80 18 17
848 81 18 27
848 82 18 37
848 83 18 47
848 84 18 57
848 85 19 7
848 86 19 17
848 87 19 27
848 88 19 37
848 89 19 47
848 90 19 57
848 91 20 7
848 92 20 17
848 93 20 27
848 94 20 37
848 95 20 47
848 96 20 57
848 97 21 7
848 98 21 17
848 99 21 27
848 100 21 37
848 101 21 47
848 102 21 57
848 103 22 7
848 104 22 17
848 105 22 27
848 106 22 37
848 107 22 47
848 108 22 57
848 109 23 7
848 110 23 17
848 111 23 27
848 112 23 37
848 113 23 47
848 114 23 57
6 1 5 10
6 2 5 30
6 3 5 50
6 4 6 10
6 5 6 30
6 6 6 50
6 7 7 10
6 8 7 30
6 9 7 50
6 10 8 10
6 11 8 30
6 12 8 50
6 13 9 10
6 14 9 30
6 15 9 50
6 16 10 10
6 17 10 30
6 18 10 50
6 19 11 10
6 20 11 30
6 21 11 50
6 22 12 10
6 23 12 30
6 24 12 50
6 25 13 10
6 26 13 30
6 27 13 50
6 28 14 10
6 29 14 30
6 30 14 50
6 31 15 10
6 32 15 30
6 33 15 50
6 34 16 10
6 35 16 30
6 36 16 50
6 37 17 10
6 38 17 30
6 39 17 50
6 40 18 10
6 41 18 30
6 42 18 50
6 43 19 10
6 44 19 30
6 45 19 50
6 46 20 10
6 47 20 30
6 48 20 50
6 49 21 10
6 50 21 30
6 51 21 50
6 52 22 10
6 53 22 30
6 54 22 50
6 55 23 10
6 56 23 30
6 57 23 50
72 1 5 3
72 2 5 18
72 3 5 33
72 4 5 48
72 5 6 3
72 6 6 18
72 7 6 33
72 8 6 48
72 9 7 3
72 10 7 18
72 11 7 33
72 12 7 48
72 13 8 3
72 14 8 18
72 15 8 33
72 16 8 48
72 17 9 3
72 18 9 18
72 19 9 33
72 20 9 48
72 21 10 3
72 22 10 18
72 23 10 33
72 24 10 48
72 25 11 3
72 26 11 18
72 27 11 33
72 28 11 48
72 29 12 3
72 30 12 18
72 31 12 33
72 32 12 48
72 33 13 3
72 34 13 18
72 35 13 33
72 36 13 48
72 37 14 3
72 38 14 18
72 39 14 33
72 40 14 48
72 41 15 3
72 42 15 18
72 43 15 33
72 44 15 48
72 45 16 3
72 46 16 18
72 47 16 33
72 48 16 48
72 49 17 3
72 50 17 18
72 51 17 33
72 52 17 48
72 53 18 3
72 54 18 18
72 55 18 33
72 56 18 48
72 57 19 3
72 58 19 18
72 59 19 33
72 60 19 48
72 61 20 3
72 62 20 18
72 63 20 33
72 64 20 48
72 65 21 3
72 66 21 18
72 67 21 33
72 68 21 48
72 69 22 3
72 70 22 18
72 71 22 33
72 72 22 48
72 73 23 3
72 74 23 18
72 75 23 33
72 76 23 48
